-5.372091
-18.898661
-4.988530
7.548342
14.600957
-5.861727
-11.544357
1.624939
4.503415
-12.339433
-6.336110
-5.719561
5.870438
-8.258574
-14.206654
12.275127
-3.781386
2.492610
4.676113
-20.795641
-0.088756
8.333917
-6.202079
26.161974
-10.494657
-1.284534
-7.959267
13.359363
-9.623858
-2.384055
-6.131279
8.731477
-3.254084
9.205681
-0.375901
-1.021183
4.517005
-10.561529
-1.824004
0.925197
-4.428425
-3.314265
-0.397270
0.862548
-9.476381
-3.335913
-4.224268
-4.611370
-14.146716
-4.876245
-8.682229
-1.382471
2.185939
-1.614853
10.126183
-4.353159
-9.894783
-1.963850
1.946988
-13.407950
-14.349171
14.762221
3.774585
8.934531
2.683908
6.859649
-4.357870
3.255378
-8.588158
-6.596796
8.604416
0.455984
8.205679
10.159134
8.301171
7.328712
-6.458555
-5.901301
6.788734
-15.755716
-0.040395
-11.810709
-5.017741
-1.911862
18.225299
-9.522497
4.913560
-7.434609
-18.340436
-14.538006
4.872842
-19.550902
3.713137
4.446892
-6.627223
-5.782881
3.096367
4.266071
18.009735
-1.494485
