-1.818430
-0.615783
0.124072
-3.817611
-0.753968
-1.015241
-4.605553
13.089970
-2.766873
-2.498032
-1.029344
-2.569418
1.814139
5.753875
13.091009
-2.389752
-4.792826
4.080220
-8.725375
-3.734423
-8.185197
-11.885159
8.082546
-4.552149
-17.566363
-0.015460
-1.270315
-1.794881
3.577884
-3.902542
2.704944
-14.627928
-1.438363
0.711280
11.896822
6.096106
9.531414
1.431877
4.473687
4.463791
11.899160
-3.795772
8.731762
-5.241844
-10.548562
-2.224689
10.021184
-0.317940
-12.918068
12.079106
-3.446780
0.327889
0.357553
23.226825
-1.777901
4.090616
1.244091
-0.988872
2.900740
-1.138498
10.160980
-3.089212
14.317390
1.584166
-1.413295
3.272725
-6.210272
2.037457
5.797717
0.526689
-11.294176
-1.077374
-1.145622
-2.974717
10.421558
-1.693723
-5.380138
2.302146
7.616400
-2.841784
-9.279611
4.394143
0.969863
15.343528
10.698964
-9.788362
5.064167
-7.650126
-0.143716
3.965635
12.389616
-1.232330
5.909587
-1.826825
-2.466819
-9.107431
-14.032056
-3.506507
-7.535972
-1.253913
