0.930472
0.914496
0.952355
1.012195
0.983324
0.974850
0.982906
1.075092
0.867758
1.045076
1.011028
1.040655
1.021114
0.955822
0.941903
0.965818
0.952695
0.876791
0.993595
0.867767
1.043273
0.902500
1.023657
0.998076
0.950947
0.558501
0.969919
0.906089
0.922867
0.871855
0.927235
0.983899
0.903981
0.884233
1.024988
0.963916
0.977098
0.913377
0.943066
0.972754
0.703686
0.899003
0.962118
0.806021
0.951381
0.906836
0.922177
0.964074
0.987175
0.914918
0.950790
0.961021
0.944394
0.909901
0.959904
1.010190
0.925315
0.932277
1.078043
0.966731
0.894825
0.983820
0.912895
1.012378
1.047362
1.070925
1.009174
0.964533
0.998524
0.999712
0.963925
1.009071
0.902188
1.062604
0.966148
0.952541
0.997013
0.885290
1.137876
0.732032
0.896105
1.041453
0.910818
0.788506
0.858612
0.959178
0.918990
0.988507
0.765699
0.924534
1.002980
0.935656
0.885357
0.961156
0.939162
0.490771
1.261452
1.040085
0.921171
1.067935
0.952157
0.913590
0.963985
0.865605
0.931454
0.929030
1.028400
0.902676
0.874467
0.856161
1.007866
0.853291
0.903611
0.869233
0.920527
0.937369
0.909873
1.077061
0.628156
0.925186
0.886973
0.815393
0.857172
0.884327
0.922231
0.978855
0.915703
0.992879
0.530550
0.960257
0.940431
1.013039
1.068332
0.970261
0.975149
1.004762
0.990862
0.933804
1.035385
0.902499
0.934935
0.903738
0.910325
0.945494
1.006109
0.995460
0.901481
0.979749
0.952493
0.915806
0.594482
1.077383
0.940767
0.988669
0.989341
0.941404
0.990771
0.907145
0.989075
1.004979
1.032463
1.031025
0.992509
0.995519
0.913546
0.975140
0.957769
0.767840
0.994721
1.005104
0.747321
0.788912
1.132250
0.913743
0.947975
0.369586
1.000666
1.119889
0.909358
0.955593
1.117211
0.844903
1.010089
1.020175
1.067831
0.977074
1.020079
0.878631
0.879254
0.534034
0.996512
0.956042
1.049677
0.946125
1.012338
0.851952
0.982006
0.982154
0.859133
0.962489
0.912375
0.999891
0.983063
0.942291
1.124013
0.836435
0.919748
1.000125
0.976406
1.027551
0.912556
0.889547
0.566532
0.908006
0.757019
0.876596
0.842949
1.078307
1.005361
0.955032
0.926965
0.984878
1.022224
0.939429
0.861812
1.081320
0.907622
0.974483
1.002004
0.880283
1.019714
0.963369
0.840376
0.948276
0.964218
0.959052
0.913359
0.983589
0.900625
0.945073
0.958617
0.993462
1.017270
1.048121
0.642540
0.932105
0.964095
1.084489
0.899543
0.876042
0.972321
1.172661
0.892107
0.969574
0.938085
0.936309
0.931218
1.035322
0.816551
1.049415
0.871515
0.894260
0.892668
0.891466
1.033455
1.047172
0.949909
0.968874
0.949622
0.881472
1.013039
0.968305
0.769304
0.955943
1.219742
0.901853
1.021045
0.959586
0.990796
1.025676
0.997609
0.986631
0.964850
1.184690
1.155781
1.027582
0.956229
0.861241
0.963239
0.973031
0.877500
1.100076
0.726967
0.949383
1.105645
0.961868
0.979537
0.945998
0.858476
0.879088
0.918955
0.902147
0.947656
0.938820
0.969246
0.845452
0.946632
1.105874
1.007874
0.848782
0.962986
0.681996
0.930866
0.956122
1.013141
1.069235
0.977056
1.190142
1.054332
1.066452
0.896070
0.908534
0.931429
0.728539
0.928689
0.962157
1.024622
0.858418
0.915737
0.913128
1.005974
1.095996
0.927734
1.050281
0.979500
1.044697
0.997996
0.898048
0.952739
1.049855
0.866999
0.943620
0.478254
0.957880
0.936273
0.980272
0.943478
0.979981
0.918988
0.937515
0.917857
0.906773
1.010113
1.009685
0.964294
0.966971
0.931561
1.265726
0.927464
0.953369
0.912272
0.954997
0.993244
0.976979
0.996492
1.061399
1.010177
0.920311
1.056775
1.040223
1.039890
0.897236
0.895139
0.925636
0.927401
0.979134
0.906789
1.112611
0.955459
0.959753
0.942920
0.985516
1.004563
0.957957
1.071389
0.943805
0.988234
0.890709
0.878114
0.960462
1.041978
0.866080
0.923233
0.982237
1.141052
1.062829
0.895519
0.932622
0.834974
0.886302
0.810392
0.892756
0.989444
1.102508
1.039307
1.008202
1.008513
0.985515
0.957600
0.929846
0.930905
0.954344
0.943606
0.939093
0.979567
1.114103
1.048011
1.038162
1.041035
0.959640
0.868848
1.048948
0.923319
0.959501
0.938919
1.016093
0.980966
0.997767
1.001159
0.438037
1.010288
0.967698
0.864000
0.922507
0.887445
0.953391
1.031182
1.067264
0.911187
0.925705
1.140383
0.470331
0.978271
0.916863
1.035196
0.761940
0.966933
0.959542
1.028404
0.968081
0.964619
0.781189
0.842005
0.922098
0.975474
0.697983
0.880552
0.992405
0.929467
0.892175
0.888902
1.107532
1.013007
1.022826
0.969780
0.936237
0.961869
1.015581
1.019300
0.847862
0.944187
0.956440
0.920494
0.942722
0.930633
1.080967
1.011270
0.510696
0.812224
0.949317
0.901916
0.910510
0.909376
0.893591
0.985442
0.829417
0.900975
0.710461
1.009301
0.882101
0.814136
1.111057
0.859351
0.888068
1.000260
0.928237
1.001406
0.850505
0.948127
0.943899
0.985120
1.062376
0.894869
0.924789
1.133351
1.070517
1.073200
0.899072
0.836159
1.013299
0.873001
0.951170
0.896878
1.006578
1.042988
0.882297
0.982710
0.990002
0.938664
1.055619
0.948413
1.172755
1.027283
0.945889
0.730501
1.162281
0.918542
0.910998
0.946957
1.007907
0.908699
0.976781
0.960338
0.952773
0.870841
0.961086
0.941855
1.126754
0.920211
0.960676
0.839159
0.972620
0.890489
0.880163
0.973096
0.801372
1.070846
0.922665
0.942997
0.901603
0.910110
0.929089
0.953186
0.985254
0.996890
0.870609
0.538500
0.962617
0.851577
0.889555
1.018608
0.935341
0.935800
0.945972
0.932132
0.980771
0.904762
0.999359
0.849772
0.893133
0.922526
1.076672
1.007627
1.003473
1.002007
0.867229
0.931910
0.934646
1.002206
1.000179
0.815277
0.881671
1.093558
1.024735
0.996284
0.944423
0.996667
0.954005
1.040134
0.946795
