30	32	33	34	35	36	37	38	256	1160	1741	1742	1743	1747	1748	1749	1750
75	205	206	242	427	430	431	433	437	673	674	839	853	1031	1144	1718	1719	1720	1721	1722	1723	1724	1725	1772	1773	1774	1775	1776	1777	1778	1779	1780	1781	1782	1783	1784	1785	1786	1787	1788	1789	1790	1791	1792	1793	1794	1795	1796	1797	1798	1799	1800	1801	1802	1803	1804	1805	1806	1807	1896	1979	2065	2197	2198	2199	2223	2224	2225	2226	2268	2269	2366
129	215	421	512	571	572	877	1010	1230	1829	1876	1943
236	422	676	1074	1075	1079	1084	1189	1240	1867	1869	2352
4	493	880	1052	1154	1159	1894	1901	1902	1905	1906	1942	1966	1977	2035	2150	2265
242	427	437	731	839	1741	1742	1743	1772	1773	1774	1775	1776	1777	1778	1779	1780	1781	1782	1783	1784	1785	1786	1787	1788	1789	1790	1791	1792	1793	1794	1795	1796	1797	1798	1799	1800	1801	1802	1803	1804	1805	1806	1807	1896	1979	2065	2154	2268	2269
67	69	70	675	1120	1178	1565	1735	1772	1773	1774	1775	1776	1777	1778	1779	1780	1781	1782	1783	1784	1785	1786	1787	1788	1789	1790	1791	1792	1793	1794	1795	1796	1797	1798	1799	1800	1801	1802	1803	1804	1805	1806	1807	1814	1979	2237	2238	2253	2268	2269	2280	2344	2348
67	68	69	250	251	558	566	567	568	646	1022	1023	1024	1025	1026	1123	1140	1709	1737	1738	1739	1740	1744	1745	1746	1980	1985	1987	1989	1990	1991	1992	2067	2148	2151	2260	2261	2352
26	90	91	506	958	1174	1203	1769	1770	1771	2357
30	32	33	34	35	36	37	38	256	257	258	259	260	261	262	263	415	1160	1596	1597	1598	1741	1742	1743	1747	1748	1749	1750	1751	1753	1755	1761
1	26	27	28	162	240	275	326	426	561	562	575	576	578	579	584	816	850	870	877	1010	1230	1583	1645	1649	1672	1831	1832	1835	1840	1979	2050	2051	2052	2053	2055	2090	2113	2114	2123	2138	2139	2208	2268	2269
30	32	33	34	35	36	37	38	62	256	257	258	259	260	261	262	263	415	741	742	743	744	745	748	749	750	751	954	955	956	1079	1160	1596	1597	1598	1665	1668	1669	1670	1671	1741	1742	1743	1747	1748	1749	1750	1751	1753	1755	1761
621	622	623	624	625	627	628	629	630	631	632	633	634	635	636	641	676	677	816	877	1010	1230	1831	2090
28	90	91	1174	1186	1190	1769	1770	1771	1913	2247
57	303	321	322	326	327	328	329	333	507	590	667	668	912	963	967	1085	1091	1124	1125	1131	1144	1584	1741	1742	1743	1772	1773	1774	1775	1776	1777	1778	1779	1780	1781	1782	1783	1784	1785	1786	1787	1788	1789	1790	1791	1792	1793	1794	1795	1796	1797	1798	1799	1800	1801	1802	1803	1804	1805	1806	1807	1854	1855	1979	2239	2240	2241	2268	2269	2349
241	752	753	754	755	756	757	758	759	760	761	762	763	764	765	766	767
14	49	50	63	140	141	142	143	144	145	146	147	148	149	150	152	153	154	155	156	157	158	159	160	161	162	163	241	551	617	618	619	620	737	738	752	753	754	755	756	757	758	759	760	761	762	763	764	765	766	767	957	967	1100	1101	1188	1256	1674	1675	1681	1734	1884	1943	1944	1948	1973	1974	2090	2091	2195	2219	2220	2255	2292	2293
621	622	623	624	625	627	628	629	630	631	632	633	634	635	636	641	676	677	816	877	1010	1230	1645	1649	1672	1831	2055	2090
67	105	129	215	240	275	302	304	334	335	341	421	512	561	562	571	572	574	580	581	582	584	784	850	877	982	983	984	1010	1061	1227	1230	1231	1232	1233	1234	1631	1829	1830	1876	1943	1979	2041	2087	2128	2140	2144	2268	2269
9	217	256	661	771	877	896	1010	1230	1608	1757	1760	1898	2361
67	89	215	421	426	615	616	645	660	816	949	1627	1827	1830	1867	1868	1871	1872	1885	1886	2055	2090	2123	2158	2227	2308
362	678	679	768	769	770	781	782	1039	1040	2262	2263
213	275	646	683	1137	1179	1684	1710	1711	1712	1716	1979	2068	2069	2070	2073	2080	2081	2209	2210	2211	2268	2269	2272	2273	2281	2349	2363
415	573	609	848	865	1070	1071	1072	1073	1201	1895
49	50	51	52	53	54	55	56	372	373	374	375	376	516	517	518	519	520	786	878	879	884	885	886	887	888	889	890	891	892	893	894	2161	2162	2163	2164	2165	2166
90	91	953	1087	1174	1189	1190	1769	1770	1771	1979	2122	2247	2268	2269
236	275	621	623	624	625	626	627	629	631	633	635	636	643	676	677	816	877	1000	1010	1079	1084	1119	1230	1645	1649	1672	1718	1719	1831	1979	2055	2090	2114	2123	2268	2269
67	105	129	215	240	275	302	304	334	335	341	421	512	561	562	571	572	574	580	581	582	584	784	850	877	982	983	984	1010	1061	1227	1230	1231	1232	1233	1234	1631	1829	1830	1876	1943	1979	2041	2087	2128	2140	2144	2268	2269
83	621	624	627	629	631	632	633	635	636	640
30	32	33	34	35	36	37	38	62	256	257	258	259	260	261	262	263	415	741	742	743	745	748	749	750	751	954	955	956	1079	1160	1596	1597	1598	1665	1668	1669	1670	1671	1741	1742	1743	1747	1748	1749	1750	1751	1753	1755	1761
528	529	531	532	1079	1084	1086	1718	1719	1720	1724	2307
741	742	743	745	748	749	750	751	752	753	754	755	756	757	758	759	760	761	762	763	764	765	766	767	1268	1628	1701
236	275	621	623	624	625	627	629	631	632	635	636	642	676	816	1079	1084	1119	1718	1719	1831	1979	2114	2123	2268	2269
621	623	624	625	627	629	631	632	635	636	642	707
240	561	562	580	581	582	584	816	850	877	1010	1230	1231	1232	1233	1234	1751	1753	1754	1832	2055	2090
89	615	616	645	660	816	949	1827	1867	1868	2090	2123	2227	2308
172	336	337	338	366	415	510	563	564	565	570	573	662	663	664	898	899	900	901	964	965	1064	1109	1157	1158	1914	1988	2044	2052	2125	2196	2251	2300
469	470	790	1062	1063	1568	1815	1816	1817	1818	1819	1820	1822	1823	2195
226	227	377	465	914	915	1078	1566	1891	1962	2054	2167	2168	2169	2230	2231	2235	2245	2246	2282	2284	2348
621	623	624	625	627	629	631	632	635	636	642	676	677	816	877	1010	1230	1831	2090
68	558	566	567	568	646	1022	1023	1024	1025	1026	1123	1140	1980	1985	1987	1989	1990	1991	1992	2067	2352
236	275	621	623	624	625	627	629	631	632	635	636	642	676	677	707	816	877	1010	1079	1084	1119	1230	1645	1649	1672	1718	1719	1831	1979	2055	2090	2114	2123	2268	2269
57	206	256	257	433	688	689	690	691	692	745	749	752	753	754	755	756	757	758	759	760	761	762	763	764	765	766	767	954	955	956	1010	1031	1078	1131	1144	1185	1606	1607	1609	1668	1669	1670	1726	1727	1729	1751	1759	1760	2197	2198	2199	2239	2240	2241	2325	2332
89	215	421	615	616	645	660	949	1827	1867	1868	2123	2227	2308
1702	2085	2229	2304	2305	2306	2321	2322	2323	2324	2325	2326	2327	2328	2329	2330	2331	2332	2333	2334	2335	2336	2337	2338	2339	2340
28	479	490	497	585	779	871	913	1204	1564	1581	1772	1773	1774	1775	1776	1777	1778	1779	1780	1781	1782	1783	1784	1785	1786	1787	1788	1789	1790	1791	1792	1793	1794	1795	1796	1797	1798	1799	1800	1801	1802	1803	1804	1805	1806	1807	1979	2029	2038	2058	2160	2268	2269	2295
57	176	177	178	208	302	416	545	546	569	573	683	849	963	969	970	1035	1070	1071	1072	1073	1114	1131	1200	1201	1202	1203	1688	1689	1756	1849	1895	1917	2003	2038	2060	2084	2134	2135	2136	2204	2205	2228	2239	2240	2241	2244
23	24	25	76	77	230	231	232	233	234	357	371	681	717	819	1199	2063	2070	2071	2072	2073	2074	2080	2081	2270	2271	2362
28	211	226	227	269	360	377	385	465	603	914	915	1078	1238	1566	1567	1891	1962	1979	2054	2078	2079	2109	2167	2168	2169	2190	2230	2231	2235	2245	2246	2268	2269	2282	2284	2348
498	499	500	1011	1012	1056	1057	2042	2043	2092	2317	2330	2331	2332	2339
67	69	70	580	581	1231	1232	1971	1979	2268	2269	2286
21	22	23	24	515	666	680	682	932	2068	2069	2070
83	621	622	624	627	628	629	630	631	632	633	635	636	640	999
240	561	562	575	584	816	850	877	1010	1230	2055	2090	2208
621	623	624	625	626	627	629	631	633	635	636	643	1000	1672
67	68	69	70	210	270	341	377	838	839	1105	1120	2261
214	816	877	944	1010	1181	1230	1239	1242	1645	1649	1672	1841	2055	2090	2123
240	561	562	580	582	584	816	850	877	1010	1230	1231	1232	1233	1234	2090
67	437	608	1203	1772	1773	1774	1775	1777	1779	1780	1781	1782	1783	1784	1785	1786	1787	1788	1789	1790	1791	1792	1793	1794	1795	1796	1797	1798	1799	1800	1801	1802	1803	1804	1805	1807	1896	1979	2065	2172	2268	2269	2357
67	69	173	219	220	242	280	367	430	433	434	853	1007	1031	1110	1843	1844	1889	1979	2093	2094	2095	2096	2097	2098	2129	2197	2198	2199	2223	2224	2225	2226	2268	2269	2348	2349	2357
269	465	603	1566	1962	2230	2231	2235	2245	2282	2284
528	529	531	532	570	1079	1080	1083	1084	1086	1107	1108	1718	1719	1720	1724	1981	1982	1983	1984	2307
236	275	588	589	621	622	623	624	625	627	628	629	630	631	632	633	634	635	636	637	638	639	641	676	677	816	842	843	873	874	875	877	1010	1079	1084	1119	1162	1163	1230	1645	1649	1672	1690	1691	1692	1693	1694	1695	1696	1697	1698	1699	1700	1718	1719	1810	1831	1892	1979	2055	2090	2114	2123	2218	2268	2269
621	623	624	625	626	627	629	631	633	635	636	643	676	677	816	877	1000	1010	1230	1645	1649	1672	1831	2055	2090
422	577	816	877	945	961	1010	1065	1230	1869	2055	2090	2292
816	877	1010	1080	1081	1082	1083	1089	1090	1189	1230	1240	1856	1857	1859	2055	2056	2057	2090	2123
179	180	181	182	183	184	185	186	187	188	189	190	191	192	193	194	195	196	197	198	199	936	2200
256	264	392	393	661	748	752	756	766	823	825	828	844	845	846	847	1112	1113	1194	1195	1606	1607	1609	1707	1751	1757	1900	1942
85	86	87	88	387	388	389	688	691	1976	2332
175	301	305	306	307	339	340	342	547	548	853	964	1110	1144	1893	1969	1979	2039	2068	2069	2070	2073	2084	2099	2204	2205	2212	2268	2269	2345
83	236	275	621	622	624	627	628	629	630	631	632	633	635	636	640	676	816	999	1079	1084	1119	1718	1719	1831	1979	2114	2123	2268	2269
621	623	624	625	627	629	631	632	635	636	642	816	877	1010	1230	2055	2090
75	205	272	427	429	433	535	536	673	674	686	688	691	839	1056	1057	1718	1719	1720	1721	1722	1723	1724	1725	2322	2330	2337	2338
301	339	416	437	573	608	853	854	855	856	857	858	859	860	861	862	865	866	867	868	969	970	1070	1071	1072	1073	1144	1160	1172	1173	1200	1895	1896	1979	2065	2084	2192	2193	2223	2224	2225	2226	2268	2269
30	32	33	34	35	36	37	38	256	415	1160	1741	1742	1743	1747	1748	1749	1750	1761
877	1010	1080	1081	1082	1083	1089	1090	1230	1856	1857	1859	2123
175	301	305	306	307	339	340	342	547	548	853	964	1110	1144	1172	1173	1179	1588	1709	1893	1969	1979	2039	2063	2064	2068	2069	2070	2073	2081	2084	2099	2204	2205	2212	2254	2268	2269	2270	2271	2287	2345
914	942	1145	1189	1190	1756	1963	1979	2122	2247	2268	2269
240	426	561	562	575	584	816	850	1583	1645	1649	1831	2123	2208
236	421	422	676	816	877	985	1010	1074	1075	1079	1080	1081	1082	1083	1084	1089	1090	1189	1230	1240	1856	1857	1859	1867	1869	1964	1965	2055	2056	2057	2090	2123	2352
26	28	90	91	169	170	398	504	505	506	508	522	523	524	947	958	959	1116	1117	1174	1182	1200	1248	1769	1770	1771	1979	2268	2269
536	686	688	689	690	691	693	694	1587	1736	1772	1773	1774	1775	1776	1777	1778	1779	1780	1781	1782	1783	1784	1785	1786	1787	1788	1789	1790	1791	1792	1793	1794	1795	1796	1797	1798	1799	1800	1801	1802	1803	1804	1805	1806	1807	1979	2026	2080	2081	2268	2269	2290	2332
67	69	70	256	272	332	432	433	435	881	966	1088	1123	1140	1584	1627	1960	2217	2252	2292	2293
275	368	390	610	611	685	696	813	814	815	816	817	877	961	997	998	1010	1029	1065	1128	1230	1645	1649	1650	1651	1751	1831	1836	1842	2047	2048	2086	2088	2090	2123	2143	2144	2145	2146	2201	2292	2351
621	623	624	625	626	627	629	631	633	635	636	643	816	877	1000	1010	1230	2055	2090
256	264	392	393	661	748	752	756	766	823	825	828	844	845	846	847	1112	1113	1194	1195	1606	1607	1609	1707	1751	1757	1900	1942	2066
622	624	625	628	629	630	631	632	635	644	2110	2111
236	275	621	623	624	625	626	627	629	631	633	635	636	643	676	816	1000	1079	1084	1119	1718	1719	1831	1979	2114	2123	2268	2269
421	422	514	816	948	950	952	1014	1015	1016	1017	1018	1019	1020	1021	1111	1827	1867	1868	1869	2123	2242	2243
3	5	6	7	57	98	100	101	164	358	559	573	856	974	975	976	977	1131	1170	1172	1173	1224	1225	1680	2010	2011	2192	2193	2239	2240	2241
67	69	70	216	240	302	341	415	561	562	570	575	584	662	668	850	1079	1084	1827	2125	2208	2276	2349
790	1048	1050	1572	1573	1574	1575	1576	1577	1578	1579	1580
26	90	91	505	506	561	562	958	959	1116	1117	1174	1182	1202	1769	1770	1771	1979	2172	2268	2269	2344
8	10	474	475	480	481	482	483	484	485	486	487	488	489	954	955	956	1115	1753	1754	1757	1885	1886	2257	2258
438	472	877	972	1010	1183	1230	1772	1773	1774	1775	1776	1777	1778	1779	1780	1781	1782	1783	1784	1785	1786	1787	1788	1789	1790	1791	1792	1793	1794	1795	1796	1797	1798	1799	1800	1801	1802	1803	1804	1805	1806	1807	1876	1877	1878	1879	1880	1881	1896	1979	2110	2111	2112	2159	2268	2269
85	86	87	88	387	389	509	510	511	1189	1240	2051
67	69	70	216	240	256	272	273	302	341	415	561	562	570	575	584	586	587	662	668	741	742	743	750	752	753	754	755	756	757	758	759	760	761	762	763	764	765	766	767	850	877	881	910	1010	1079	1084	1125	1126	1127	1128	1230	1627	1645	1649	1650	1651	1758	1764	1827	2018	2055	2104	2123	2125	2152	2208	2276	2349	2359	2360
621	622	623	624	625	627	628	629	630	631	632	633	634	635	636	641	1672
215	421	422	816	817	877	1010	1166	1230	1614	1615	1618	1619	1645	1646	1649	1650	1672	1831	1869	1876	2090	2123	2143	2144	2145	2146	2147
2	14	63	90	91	140	141	142	143	144	145	146	147	148	149	150	152	153	154	155	156	157	158	159	160	161	162	163	210	218	225	267	268	551	617	618	619	620	738	953	957	967	1069	1087	1100	1101	1174	1188	1189	1190	1256	1674	1675	1734	1769	1770	1771	1884	1979	2090	2091	2122	2219	2220	2247	2255	2268	2269	2292	2293	2353
174	229	276	277	278	279	365	366	557	594	714	715	853	855	856	858	860	963	974	1022	1023	1024	1025	1026	1068	1079	1084	1095	1106	1123	1134	1135	1136	1140	1226	1639	1640	1705	1814	1890	1899	1914	1961	1970	1987	1989	1990	1991	1992	2022	2025	2067	2082	2083	2155	2244
89	104	169	170	236	394	395	426	615	616	645	660	877	917	939	949	1010	1023	1024	1074	1075	1079	1084	1093	1230	1630	1867	1868	2123	2227	2294	2308	2316	2352
69	621	622	623	624	625	626	627	628	629	630	631	632	633	634	635	636	640	641	642	643	654	655	676	696	815	816	877	936	944	945	999	1000	1010	1079	1084	1230	1601	1627	1644	1645	1646	1649	1650	1652	1831	2055	2090	2217	2252
690	691	692	694	1036	1037	1038	1056	1057	1972	1979	1994	1995	1996	2268	2269	2286	2330	2365
275	578	816	870	1111	1830	1834	1839	1979	2050	2051	2052	2053	2138	2139	2268	2269	2286
250	251	1022	1023	1024	1025	1026	1123	1140	1709	1737	1738	1739	1740	1744	1745	1746	1987	1989	1990	1991	1992	2067	2148	2151	2260	2261
162	240	275	326	561	562	575	576	578	579	584	816	850	870	1832	1835	1840	1979	2050	2051	2052	2053	2113	2114	2138	2139	2208	2268	2269
176	177	178	208	683	1035	1114	1200	1201	1202	1203	1849	1917	2038	2134	2135	2136	2228
621	622	623	624	625	627	628	629	630	631	632	633	634	635	636	641	816	877	1010	1230	2055	2090
213	1137	1179	1684	1710	1711	1712	1716	1979	2068	2069	2073	2080	2081	2209	2210	2211	2268	2269	2273	2281	2349	2363
15	26	67	90	91	416	437	506	573	608	656	865	866	867	958	969	970	1070	1071	1072	1073	1174	1200	1201	1203	1769	1770	1771	1772	1773	1774	1775	1777	1779	1780	1781	1782	1783	1784	1785	1786	1787	1788	1789	1790	1791	1792	1793	1794	1795	1796	1797	1798	1799	1800	1801	1802	1803	1804	1805	1807	1895	1896	1979	2065	2069	2084	2172	2268	2269	2357
914	942	1186	1187	1189	1190	1913	1979	2122	2247	2268	2269
30	32	33	34	35	36	37	38	741	742	743	744	750
30	32	33	34	35	36	37	38	256	257	258	259	260	261	262	263	415	1160	1596	1597	1598	1741	1742	1743	1747	1748	1749	1750	1751	1753	1755	1761
172	336	337	338	366	415	510	528	529	531	532	563	564	565	570	573	662	663	664	898	899	900	901	964	965	1064	1079	1080	1083	1084	1086	1089	1107	1108	1109	1157	1158	1718	1719	1720	1724	1914	1981	1982	1983	1984	1988	2044	2052	2125	2196	2251	2300	2307
621	622	624	627	628	629	630	631	632	633	635	636	640	676	816	999	1645	1649	1831
26	90	91	398	505	506	958	959	1104	1116	1117	1174	1182	1201	1769	1770	1771	1979	2268	2269
75	205	427	433	673	674	839	1718	1719	1720	1721	1722	1723	1724	1725
11	12	13	16	17	19	20	165	166	167	168	212	238	241	326	463	464	816	1079	1084	1167	1168	1169	1827	2309	2310	2311	2312	2313	2318	2319	2320
26	28	90	91	169	170	301	339	398	416	437	504	505	506	508	522	523	524	573	608	853	854	855	856	857	858	859	860	861	862	865	866	867	868	947	958	959	969	970	1070	1071	1072	1073	1116	1117	1144	1160	1172	1173	1174	1182	1200	1248	1769	1770	1771	1895	1896	1979	2065	2084	2192	2193	2223	2224	2225	2226	2268	2269
206	430	431	853	1031	1144	2197	2198	2199	2223	2224	2225	2226
240	561	562	580	581	582	584	816	850	1231	1232	1233	1234	1645	1649
41	42	43	65	71	72	73	74	412	413	414	466	467	468	491	492	493	501	502	1620	1621	1622	1623	1624	1625	1626	1704	1873	1874	1875	1901	1903	1904	1905	2010	2011	2012	2034
240	240	561	561	562	562	580	580	581	581	582	582	584	584	850	850	1231	1231	1232	1232	1233	1233	1234	1234	1829	1829
588	589	842	843	873	874	875	1162	1163	1690	1691	1692	1693	1694	1695	1696	1697	1698	1699	1700	1810	1892	2218
621	622	624	627	628	629	630	631	632	633	635	636	640	816	877	999	1010	1230	2055	2090
271	697	698	809	829	830	831	832	833	834	835	836	2177	2178	2179	2180	2181	2182	2183	2184	2185	2186	2187	2188	2189
67	69	70	240	325	439	494	561	562	580	581	582	584	685	816	817	850	877	881	1010	1094	1230	1231	1232	1233	1234	1645	1649	1672	1751	1753	1754	1829	1832	1833	1943	1971	1979	2055	2090	2123	2268	2269	2286	2351
240	494	561	562	580	581	582	584	850	1231	1232	1233	1234	1943
341	379	503	986	1146	1147	1148	1149	1150	1151	1711	1713	1714	1732	1943	1944	1948
284	415	562	712	816	850	877	1010	1079	1084	1086	1126	1230	1751	1981	1982	1983	2090
69	621	622	623	624	625	626	627	628	629	630	631	632	633	634	635	636	640	641	642	643	654	655	676	696	816	877	909	910	911	944	945	946	999	1000	1010	1230	1601	1627	1644	1645	1646	1649	1650	1652	1831	2090	2217	2252
621	623	624	625	626	627	629	631	633	635	636	643	1000
46	47	48	790	1048	1050	1572	1573	1574	1575	1576	1577	1578	1579	1580
333	525	526	527	529	530	531	532	533	534	928	929	930	960	961	1074	1075	1079	1084	1629	1831	2267
621	623	624	625	627	629	631	632	635	636	642	676	816	1645	1649	1831
173	206	219	220	330	416	433	573	849	853	971	1007	1031	1032	1110	1144	1843	1844	1889	2004	2005	2075	2197	2198	2199	2203	2223	2224	2225	2226	2259
240	582	584	816	850	877	1010	1230	1231	1232	1233	1234	2055	2090
85	86	87	88	170	387	388	389	536	690	1751	1752	1755	2332
69	179	180	181	182	183	184	185	186	187	188	189	190	191	192	193	194	195	196	197	198	199	621	622	623	624	625	626	627	628	629	630	631	632	633	634	635	636	640	641	642	643	654	655	676	696	815	816	877	936	944	945	999	1000	1010	1079	1084	1230	1601	1627	1644	1645	1646	1649	1650	1652	1831	2055	2090	2200	2217	2252
26	90	91	398	415	505	506	573	609	848	865	958	959	1070	1071	1072	1073	1104	1116	1117	1174	1182	1201	1769	1770	1771	1895	1979	2268	2269
240	561	562	575	584	816	850	877	1010	1230	2090	2208
621	622	624	627	628	629	630	631	632	633	635	636	640	999	1672
58	64	65	66	94	95	96	97	99	101	102	221	386	775	776	777	778	779	780	783	883	1030	1051	1052	1053	1054	1055	1058	1667	1686	1916	2030	2031	2032	2033	2265
67	69	70	161	241	326	752	753	754	755	756	757	758	759	760	761	762	763	764	765	766	767	1627	1648	1653	1654	1668	1669	1670	1943
104	236	237	256	257	258	259	260	877	961	1010	1074	1075	1077	1093	1132	1230	1638	1711	1712	1718	1719	1720	1721	1722	1723	1724	1725	2059	2123	2352
236	275	621	622	623	624	625	627	628	629	630	631	632	633	634	635	636	641	676	816	1079	1084	1119	1718	1719	1831	1979	2114	2123	2268	2269
224	336	337	513	676	677	685	816	821	877	1010	1230	1239	1241	1645	1649	1672	1831	2055	2090	2123	2219
148	363	595	646	1586	1587	1758	1943	1979	2080	2209	2210	2211	2268	2269
226	227	269	360	377	385	465	603	914	915	1566	1567	1891	1962	1979	2054	2109	2190	2230	2231	2235	2245	2246	2268	2269	2282	2284	2348
621	623	624	625	627	629	631	632	635	636	642	676	677	816	877	1010	1230	1645	1649	1672	1831	2055	2090
416	573	602	865	866	867	868	916	969	970	1070	1071	1072	1073	1200	1202	1589	1682	1813	1895	2084	2143	2341
242	437	730	947	1248	1741	1742	1743	1772	1773	1774	1775	1776	1777	1778	1779	1780	1781	1782	1783	1784	1785	1786	1787	1788	1789	1790	1791	1792	1793	1794	1795	1796	1797	1798	1799	1800	1801	1802	1803	1804	1805	1806	1807	1896	1979	2065	2154	2268	2269
816	816	877	877	944	944	945	945	1010	1010	1230	1230	2090	2090
28	29	90	91	101	240	445	582	584	586	719	850	1142	1172	1174	1231	1232	1233	1234	1637	1769	1770	1771	2015	2100	2123	2145	2149	2168	2342	2350
28	29	90	91	101	240	445	503	561	562	581	582	584	586	699	700	701	702	703	704	705	719	816	850	877	947	1010	1142	1172	1174	1178	1230	1231	1232	1233	1234	1637	1645	1649	1769	1770	1771	1979	2015	2055	2090	2100	2123	2145	2149	2168	2268	2269	2342	2343	2350
621	623	624	625	626	627	629	631	633	635	636	643	676	816	1000	1645	1649	1831
324	849	974	979	1006	1146	1147	1148	1149	1150	1151	1171	1627	1662	1663	1664	1711	1713	1714	1715	1943	1944	1948	2040	2352	2353	2354	2355	2356	2357
621	623	624	625	627	629	631	632	633	635	636	641
2	14	63	140	141	142	143	144	145	146	147	148	149	150	152	153	154	155	156	157	158	159	160	161	162	163	210	218	551	617	618	619	620	738	957	967	1069	1087	1100	1101	1188	1189	1190	1256	1674	1675	1734	1884	2090	2091	2219	2220	2255	2292	2293
242	427	437	732	839	1741	1742	1743	1772	1773	1774	1775	1776	1777	1778	1779	1780	1781	1782	1783	1784	1785	1786	1787	1788	1789	1790	1791	1792	1793	1794	1795	1796	1797	1798	1799	1800	1801	1802	1803	1804	1805	1806	1807	1896	1979	2065	2154	2268	2269
107	275	421	422	514	578	724	816	869	870	876	877	948	950	952	1010	1014	1015	1016	1017	1018	1019	1020	1021	1111	1141	1230	1645	1649	1827	1830	1831	1834	1839	1847	1848	1863	1865	1867	1868	1869	1979	2050	2051	2052	2053	2055	2090	2105	2106	2123	2138	2139	2144	2242	2243	2268	2269	2286
256	336	1602	1603	1604	1605	1710	1717	1718	1719	1720	1724	1726	1727	1728	1729	1741	1742	1743	1747	1748	1749	1750
462	1079	1080	1083	1084	1164	1165	1205	1206	1207	1208	1644	1652	1655	1751	1752	1753	1758	2014
57	302	416	545	546	569	573	849	963	969	970	1070	1071	1072	1073	1131	1200	1201	1202	1203	1756	1895	2003	2060	2084	2204	2205	2239	2240	2241	2244
621	623	624	625	627	629	631	632	635	636	642	1672
30	32	33	34	35	36	37	38	51	52	53	741	742	743	747	750	751	752	753	754	755	756	757	758	759	760	761	762	763	764	765	766	767	1751	1752	1753	1754	1755	1757	1927	1928	1930	1932	1936	1941
944	945	961	1033	1034	1831	2046	2087	2144	2145	2146
39	40	470	716	725	726	729	733	734	747	752	753	754	755	756	757	758	759	760	761	762	763	764	765	766	767	2027	2028	2302	2303
67	69	70	240	325	439	561	562	580	581	582	584	850	881	1094	1231	1232	1233	1234	1832	1833	1971	1979	2268	2269	2286
148	175	213	275	301	305	306	307	339	340	342	363	547	548	595	646	683	853	964	1110	1137	1144	1172	1173	1179	1586	1587	1588	1684	1709	1710	1711	1712	1716	1758	1893	1943	1969	1979	2039	2063	2064	2068	2069	2070	2073	2080	2081	2084	2099	2204	2205	2209	2210	2211	2212	2254	2268	2269	2270	2271	2272	2273	2281	2287	2345	2349	2363
275	685	816	997	998	1029	1065	1751	1836	2047	2048	2086	2088	2090	2123	2351
948	950	952	1014	1015	1016	1017	1018	1019	1020	1021	1111	1827	2123
83	236	275	621	622	624	625	627	628	629	630	631	632	633	635	636	640	644	650	651	652	676	677	816	877	999	1010	1079	1084	1119	1230	1645	1649	1672	1718	1719	1831	1979	2055	2090	2110	2111	2114	2123	2268	2269
621	623	624	625	626	627	629	631	633	635	636	643	676	677	816	877	1000	1010	1230	1831	2090
884	885	886	887	888	889	890	891	892	893	894
41	42	43	65	71	72	73	74	413	466	467	468	491	492	493	1901	1903	1904	1905	2034
853	1172	1173	1179	1588	1709	1969	1979	2063	2064	2068	2069	2070	2081	2212	2254	2268	2269	2270	2271	2287
438	473	535	536	864	1005	1772	1773	1774	1775	1776	1777	1778	1779	1780	1781	1782	1783	1784	1785	1786	1787	1788	1789	1790	1791	1792	1793	1794	1795	1796	1797	1798	1799	1800	1801	1802	1803	1804	1805	1806	1807	1896	1979	2268	2269
62	256	877	954	955	956	980	1010	1230	1627	1672	1751	1752	1753	1758	1876	2104	2123	2296
256	326	436	649	1041	1146	1147	1148	1149	1150	1151	1153	1184	1584	1711	1713	1714
161	326	752	753	754	755	756	757	758	759	760	761	762	763	764	765	766	767
69	621	622	623	624	625	626	627	628	629	630	631	632	633	634	635	636	640	641	642	643	654	655	676	696	816	877	909	910	911	944	945	946	999	1000	1010	1230	1601	1627	1644	1645	1646	1649	1650	1652	1831	2055	2090	2217	2252
30	32	33	34	35	36	37	38	62	256	257	258	259	260	261	262	263	415	954	955	956	1160	1596	1597	1598	1672	1741	1742	1743	1747	1748	1749	1750	1751	1753	1754	1755	1761
621	623	624	625	627	629	631	632	635	636	642	707
215	399	400	401	402	403	404	405	406	407	408	409	410	411	421	422	683	816	817	877	1010	1166	1230	1614	1615	1616	1617	1618	1619	1645	1646	1649	1650	1666	1672	1676	1831	1832	1869	1876	2090	2123	2143	2144	2145	2146	2147	2213	2214	2215	2216
67	69	70	752	753	754	755	756	757	758	759	760	761	762	763	764	765	766	767	1627	1648	1653	1654	1943
621	622	624	627	628	629	630	631	632	633	635	636	640	650	651	652	676	677	816	877	999	1010	1230	1645	1649	1672	1831	2055	2090
85	86	87	88	170	387	388	389	471	535	536	686	688	689	690	691	692	693	694	1587	1634	1736	1751	1752	1755	1772	1773	1774	1775	1776	1777	1778	1779	1780	1781	1782	1783	1784	1785	1786	1787	1788	1789	1790	1791	1792	1793	1794	1795	1796	1797	1798	1799	1800	1801	1802	1803	1804	1805	1806	1807	1943	1976	1979	2013	2026	2080	2081	2268	2269	2290	2322	2325	2331	2332	2333
914	942	1145	1186	1187	1189	1190	1756	1913	1963	1979	2122	2247	2268	2269
285	286	287	288	289	290	291	292	293	295	296	297	298	299	300	308	309	310	311	312	313	314	315	440	441	442	443	444	445	446	447	448	449	450	451	452	453	454	455	456	457	458	459	1633	1706	2346	2347
359	1041	1042	1146	1147	1148	1149	1150	1151	1711	1713	1714	1943	1944	1948	1973	1974
752	753	754	755	756	757	758	759	760	761	762	763	764	765	766	767	1668	1669	1670
3	5	6	7	57	82	98	100	101	164	358	559	573	601	607	856	974	975	976	977	1131	1152	1170	1172	1173	1224	1225	1235	1590	1677	1680	2010	2011	2124	2192	2193	2239	2240	2241
26	90	91	416	505	506	561	562	573	602	865	866	867	868	916	958	959	969	970	1070	1071	1072	1073	1116	1117	1174	1182	1200	1202	1589	1682	1769	1770	1771	1813	1895	1979	2084	2143	2172	2268	2269	2341	2344
104	236	237	525	526	527	529	530	531	532	533	534	877	1010	1074	1075	1079	1081	1084	1093	1230	1585	1630	1718	1719	1720	1721	1722	1723	1724	1725	1730	1835	1837	1979	2268	2269	2352
422	577	816	877	945	961	1010	1065	1230	1645	1646	1647	1648	1649	1653	1672	1673	1869	2055	2090	2145	2146	2292
236	421	422	676	985	1074	1075	1079	1084	1189	1240	1867	1869	2352
621	622	624	627	628	629	630	631	632	633	635	636	640	676	677	816	877	999	1010	1230	1831	2090
169	170	235	330	343	427	438	490	544	560	591	592	710	711	730	731	732	789	872	913	938	947	991	994	1248	1772	1773	1774	1775	1776	1777	1778	1779	1780	1781	1782	1783	1784	1785	1786	1787	1788	1789	1790	1791	1792	1793	1794	1795	1796	1797	1798	1799	1800	1801	1802	1803	1804	1805	1806	1807	1811	1812	1896	1979	2058	2080	2081	2107	2108	2154	2268	2269	2277
236	236	236	236	275	275	275	275	816	816	816	816	1079	1079	1079	1079	1084	1084	1084	1084	1119	1119	1119	1119	1718	1718	1718	1718	1719	1719	1719	1719	1831	1831	1831	1831	1979	1979	1979	1979	2114	2114	2114	2114	2123	2123	2123	2123	2268	2268	2268	2268	2269	2269	2269	2269
621	622	623	624	625	627	628	629	630	631	632	633	634	635	636	637	638	639	641
69	378	621	622	623	624	625	626	627	628	629	630	631	632	633	634	635	636	640	641	642	643	654	655	676	696	816	877	909	910	911	944	945	946	999	1000	1010	1230	1601	1627	1644	1645	1646	1649	1650	1652	1831	2055	2090	2217	2252
205	206	1772	1773	1774	1775	1776	1777	1778	1779	1780	1781	1782	1783	1784	1785	1786	1787	1788	1789	1790	1791	1792	1793	1794	1795	1796	1797	1798	1799	1800	1801	1802	1803	1804	1805	1806	1807	1979	2081	2237	2238	2268	2269
169	170	235	343	427	490	560	591	592	710	711	913	938	991	1811	2058
15	416	573	656	865	866	867	969	970	1070	1071	1072	1073	1200	1201	1203	1895	2069	2084
621	622	623	624	625	627	628	629	630	631	632	633	634	635	636	641	676	816	1645	1649	1831
78	79	80	268	536	1027	1028	1129	1130	1215	2023	2221	2222	2341	2345	2350	2352	2353
